1.195643197432232796e+00
9.167637986479970635e-01
2.119334780364307225e+00
1.737235967031851125e+00
1.363480508038173333e+00
1.342634765621825821e+00
2.367099797569724995e+00
2.384263886982053826e+00
2.625400108545076439e+00
1.462078651911611127e+00
2.434685542565137029e-01
-2.904695185079673170e-01
-2.558160764860240022e-02
3.570261830467630348e-02
1.124887948967451479e+00
1.370055931776457570e+00
8.100722747572317584e-01
-2.694364507005787779e+00
-1.684621513901729539e+00
-4.626489478949552536e-01
-7.748906606206668046e-01
-3.675104827973408317e-01
-9.471378411815467580e-01
-9.550763257799153028e-01
-9.467683206743532365e-01
1.090478954786640309e-01
1.135191151385822605e-01
-9.267750700767329874e-01
-2.697701472531692346e+00
-2.375660190476982514e+00
-2.770006820218703147e+00
-3.907492251439985131e-01
-1.948122798305182424e-01
-1.446185498797604441e-01
1.552198055993941006e+00
1.467528598367216608e+00
1.296837169565577819e-01
-1.198176381768166987e+00
9.998437400827197008e-01
8.986474844793771455e-01
7.564086863418570950e-01
1.018030667083660967e+00
7.606176277939767916e-01
-5.913251816240063796e-01
-2.700018877180294652e+00
-6.031093447302160460e-01
-1.052781956041909162e+00
3.649384190871862721e-02
2.115259134265554231e+00
2.158411465608708113e+00
1.078952661009396685e+00
3.143975421337206755e-01
1.323049368060231323e+00
1.659619078657468272e-01
4.782428754069448784e-01
1.537309749835543693e-01
-1.396906546489123380e-01
9.443268108844804498e-01
-3.674017832429975483e-01
-3.300438203080159338e-01
2.201823690525096744e+00
1.404585923302483774e+00
-5.444541491039276426e-01
-1.181254816315906675e+00
-5.292087023141178737e-01
-1.427900476926076800e+00
2.036433698315553154e-01
4.934234501003431639e-01
3.319810245978390695e-01
-1.487577436106951034e-01
6.944573706754594289e-01
9.966531608626801875e-01
2.683909372504314828e+00
2.719031674366711560e+00
2.942429514356239562e+00
1.912071998362367076e+00
1.809940518727654934e+00
2.465110853722521256e+00
1.877315741508178704e+00
8.813750584898037976e-01
7.246407595668733492e-01
-5.367498666728557355e-01
-1.152446091497728586e-01
-1.005459009073303323e+00
-8.981821451181752902e-01
5.293013703977729190e-01
-1.852097861061222650e-01
1.331325185836123692e+00
-2.590126345069383995e-01
-1.655827825859008229e+00
-1.897685061317876398e+00
-5.474236714436496731e-01
6.992260464417461296e-01
3.030224759483152397e+00
2.710876020150390531e+00
1.484178315627106004e+00
3.341443263756143534e+00
1.980256787092556259e+00
5.053184558887158229e-01
2.177976736181947537e+00
