1.461687731907132859e+00
2.231876423384083097e+00
2.798399145917988662e+00
2.576080229352790241e+00
2.111008282805464376e+00
2.522767863442426428e+00
2.399314260778201202e+00
2.221539832321801633e+00
1.788341784168003601e+00
1.864436832488060469e+00
2.610530071010043862e+00
2.755390566772801364e+00
2.783225101935502543e+00
3.575907407436188734e+00
3.002866976459429793e+00
2.814752514864141020e+00
2.552455457979295073e+00
2.013593274710492764e+00
1.537798966881320784e+00
1.814037191695474949e+00
2.092235749728879934e+00
2.552277565354084121e+00
2.484123118241733152e+00
2.327045688745208452e+00
2.738450478365588303e+00
1.809763120628115285e+00
2.118127455275351068e+00
2.412397902566961072e+00
3.231300862713484712e+00
4.006166640522656586e+00
3.936741470238140472e+00
3.673921649861029426e+00
3.790388974171818859e+00
3.707369958227985318e+00
3.498493298996012246e+00
3.170157041205224235e+00
3.107640451425608852e+00
3.045907165472178324e+00
2.603066260803279519e+00
2.722068840572044124e+00
2.640847055562594470e+00
2.749054733816272744e+00
1.927618154580485132e+00
2.649540978459229645e+00
3.098262316305255837e+00
2.422656705326426962e+00
2.691395999222168101e+00
2.283886118838743595e+00
1.798318387151394138e+00
1.956770749143689425e+00
1.371289906934063163e+00
1.331895862443023493e+00
1.891773321039005751e+00
2.097954756332636173e+00
2.528170787118737106e+00
3.314173520103437021e+00
2.903118368598031296e+00
2.634438209115268048e+00
3.424907880787482206e+00
3.386846227708441237e+00
3.497636470186597624e+00
3.049619769755857579e+00
3.839708475599401538e+00
3.330821269832423326e+00
3.318660533244568445e+00
3.654767129636510958e+00
3.852501799277110450e+00
3.670494325763932864e+00
4.240926816942332422e+00
3.590820960361194913e+00
3.537573650546070425e+00
3.130394538446592545e+00
3.024852610032353173e+00
3.599293569891123035e+00
3.578609835394693572e+00
3.539109374668379271e+00
3.376923793536034779e+00
3.109922972007940434e+00
3.108822439867987786e+00
2.958902079822973707e+00
2.028343733377031111e+00
2.098686888308440857e+00
1.725810566355819642e+00
2.106859914236576259e+00
1.700011559272486483e+00
1.757316108581538749e+00
1.287581310410488289e+00
6.662648814674089204e-01
8.249894217779315531e-01
1.834211563742467188e-01
-2.889473901272852641e-01
8.079963311392523995e-02
2.410790416163376415e-01
-2.637733928390797455e-01
4.131920800695776386e-02
5.256241797340427402e-01
1.202350517325726731e+00
2.184230431238452397e+00
2.286657625548307760e+00
2.219897853617901706e+00
