5.500000000000000444e-01
5.500000000000000444e-01
5.999999999999999778e-01
5.500000000000000444e-01
5.000000000000000000e-01
5.000000000000000000e-01
5.500000000000000444e-01
5.999999999999999778e-01
6.999999999999999556e-01
8.000000000000000444e-01
6.999999999999999556e-01
7.500000000000000000e-01
7.500000000000000000e-01
6.999999999999999556e-01
6.999999999999999556e-01
6.999999999999999556e-01
6.500000000000000222e-01
6.999999999999999556e-01
9.000000000000000222e-01
9.000000000000000222e-01
1.000000000000000000e+00
1.100000000000000089e+00
1.000000000000000000e+00
9.000000000000000222e-01
9.000000000000000222e-01
9.499999999999999556e-01
9.499999999999999556e-01
9.000000000000000222e-01
9.499999999999999556e-01
1.050000000000000044e+00
1.149999999999999911e+00
1.199999999999999956e+00
1.600000000000000089e+00
1.699999999999999956e+00
1.699999999999999956e+00
1.850000000000000089e+00
1.949999999999999956e+00
2.000000000000000000e+00
2.200000000000000178e+00
2.450000000000000178e+00
2.700000000000000178e+00
2.899999999999999911e+00
3.100000000000000089e+00
3.049999999999999822e+00
3.399999999999999911e+00
3.899999999999999911e+00
3.500000000000000000e+00
3.350000000000000089e+00
3.299999999999999822e+00
2.700000000000000178e+00
2.500000000000000000e+00
2.549999999999999822e+00
2.549999999999999822e+00
2.500000000000000000e+00
2.700000000000000178e+00
2.750000000000000000e+00
2.899999999999999911e+00
3.450000000000000178e+00
3.200000000000000178e+00
3.049999999999999822e+00
3.200000000000000178e+00
3.049999999999999822e+00
2.899999999999999911e+00
3.450000000000000178e+00
3.500000000000000000e+00
4.000000000000000000e+00
4.299999999999999822e+00
4.299999999999999822e+00
5.000000000000000000e+00
5.549999999999999822e+00
4.849999999999999645e+00
4.500000000000000000e+00
4.299999999999999822e+00
4.200000000000000178e+00
4.000000000000000000e+00
4.150000000000000355e+00
4.200000000000000178e+00
3.850000000000000089e+00
3.549999999999999822e+00
3.600000000000000089e+00
3.700000000000000178e+00
3.649999999999999911e+00
3.000000000000000000e+00
2.899999999999999911e+00
3.000000000000000000e+00
2.950000000000000178e+00
3.049999999999999822e+00
3.350000000000000089e+00
3.500000000000000000e+00
3.600000000000000089e+00
4.000000000000000000e+00
3.899999999999999911e+00
4.099999999999999645e+00
4.099999999999999645e+00
3.350000000000000089e+00
3.149999999999999911e+00
3.350000000000000089e+00
3.250000000000000000e+00
3.250000000000000000e+00
3.299999999999999822e+00
3.149999999999999911e+00
3.100000000000000089e+00
3.600000000000000089e+00
3.700000000000000178e+00
4.049999999999999822e+00
4.000000000000000000e+00
3.799999999999999822e+00
2.299999999999999822e+00
2.149999999999999911e+00
2.100000000000000089e+00
2.100000000000000089e+00
2.100000000000000089e+00
2.000000000000000000e+00
2.100000000000000089e+00
2.200000000000000178e+00
2.299999999999999822e+00
2.950000000000000178e+00
3.200000000000000178e+00
2.600000000000000089e+00
2.649999999999999911e+00
